Ionizable_Lipid_%,Helper_Lipid_%,PEG_Lipid_%,Phospholipid_%,LNP_Size_nm
39.34316588598749,37.2232504049484,7.23960432328311,16.193979385780988,121.66818903625517
33.54114631836397,39.43840004163259,6.773249388901875,20.247204251101568,121.89520573724961
34.8899892062548,44.895928991912534,9.676978360061097,10.537103441771572,122.69293993554564
45.85164813063039,35.73599703353365,5.727467894336423,12.68488694149953,122.67038789915054
55.51604476460964,26.16458461525314,4.166726047534539,14.152644572602679,124.61676316987086
45.82659888966874,38.561713062395064,8.062238991346577,7.549449056589615,123.15728031335027
49.6155802599254,24.084857740793094,1.6311360968053135,24.668425902476194,119.78558588446084
52.45093135192125,29.89979747314132,2.178243772740099,15.471027402197343,123.5497512437243
34.17676219613324,42.056659888761146,3.6664211723153777,20.10015674279024,126.08155687022752
46.24992515661306,23.61977789091935,9.694529940272787,20.435767012194795,111.32381576485906
46.21518835602204,30.100490054588246,5.068383441473252,18.61593814791646,121.02095606883809
47.51350583943934,28.999417932278952,9.647058371000421,13.84001785728128,117.61196772024851
41.50155110582999,33.32165168047573,2.449740553151866,22.7270566605424,122.13744772890084
32.29149271087166,38.868005974526405,7.8805096231739755,20.959991691427966,122.38734833321487
61.67191460005525,24.93065317492733,4.904903896953008,8.492528328064425,122.51929403211003
52.19165976643294,27.80522350239044,4.965765165557226,15.037351565619394,123.3125748593922
48.01414132776583,30.305903099682396,8.314088467448709,13.36586710510307,120.49059878502042
49.430766058241566,29.219969416765203,7.428812338843422,13.920452186149804,118.74861100751461
55.29207619891392,34.557039046782215,1.4872681870285234,8.663616567275332,127.61866798743311
44.42591305692491,33.9936472466796,10.329549028758823,11.250890667636682,119.08626211653774
48.62199428059769,40.347622868176444,3.5154425013871284,7.514940349838731,126.17195758358912
46.9958059750155,29.35661084326715,5.439568663274378,18.208014518442976,119.81021133150297
52.70738718545318,23.11617812623427,8.798854805828945,15.3775798824836,115.4161474289557
38.39018734672115,29.744749310657298,8.714462516286565,23.15060082633498,116.6664103217054
40.48191695994943,40.490469537448206,6.374361111787639,12.653252390814721,123.83157246058788
53.239716378573,24.172318686150373,5.178180365666751,17.409784569609872,118.0226398609465
40.89163127270548,39.419006322571605,9.657949874389232,10.0314125303337,118.25551706059528
47.69112663143329,25.658337578432278,8.02507954778917,18.625456242345255,117.49931863593085
41.46050316639096,33.61191763894726,12.058412925086447,12.869166269575343,117.79358815828947
53.333623061366154,22.240674345961672,6.311289375671696,18.114413217000465,115.662932084612
39.646852890289104,36.90813446343854,4.60231262229678,18.842700023975574,124.79576442399956
39.873024855018684,44.745940656036595,4.738412137285827,10.642622351658893,131.8854392682705
41.371222547064356,42.15908148541022,9.405048373914077,7.064647593611347,120.60942936563727
53.186953266903515,25.310805341876826,7.778854885561189,13.723386505658475,118.76260634259444
63.02313274758874,24.677380217513452,4.414292191838036,7.88519484305977,123.921775777911
53.85714047875181,30.727729598764064,5.697089599589706,9.718040322894431,120.25531050251065
33.632830970511925,38.915973124780244,9.336886852808098,18.11430905189974,118.10851922305147
43.40128334604284,31.80345086063941,7.530272288893883,17.264993504423874,117.42290550002339
51.11674756587217,22.499651187810006,2.5471322971490107,23.83646894916882,120.53104067538739
38.584725872701135,29.709264370557975,7.599514799680351,24.10649495706053,116.58316564395828
54.341534772743195,26.848358930356053,8.124680885586066,10.685425411314688,121.73486904638983
45.08912550182942,33.69633186666402,6.303419340043565,14.911123291463,120.44257479296834
44.68162712445604,37.25163965389103,4.612239132494464,13.454494089158455,124.64059835351185
50.414148138835515,28.97478538992394,7.241572363475039,13.369494107765517,120.90758285427734
47.610059533002094,30.04150810946528,2.774843228450812,19.573589129081817,120.73607502814033
48.94821213408408,32.85866246710448,7.764092501922253,10.429032896889188,122.52546298970208
31.016782483536286,39.26656339699868,4.941777959930666,24.774876159534365,121.17798398311139
55.239123107704145,26.198539843256796,2.512020525095295,16.050316523943774,119.6101877787403
55.276950274831464,32.28094364720787,5.834212246719713,6.607893831240949,123.81175196743038
47.94950253290105,29.640348880499623,6.192047993239862,16.21810059335948,118.40890555522485
42.42086941202798,26.90972066951845,8.6165843264279,22.052825592025684,117.79917899392018
46.838048401249175,28.64976093431142,6.353181605328509,18.159009059110893,127.58604416551788
59.86084346066871,28.251602209194083,4.624418225520147,7.263136104617065,122.3525917657605
46.176871344588925,32.4029290187327,3.7586722532367114,17.66152738344167,123.34538370511476
42.77757625750088,28.70789615847551,11.627922140937418,16.886605443086207,116.06127008436641
58.525603687815185,26.801099354674008,7.281024144019438,7.3922728134913545,118.58156637262977
36.77557780752483,35.699299683919726,6.837147725330964,20.68797478322447,117.05219159495103
59.31747925525285,27.994335042910635,5.452834240504107,7.235351461332416,122.96187145774228
31.563239945625977,40.277302337236435,8.746256240440308,19.413201476697285,118.80295259936769
40.84765735491259,29.44071121340207,6.997333242487398,22.714298189197937,118.02248466050922
47.54454802975205,24.43640316171898,9.158194043920384,18.86085476460858,120.47650715448295
46.340014786084296,27.153127622745654,4.574105826730963,21.93275176443908,122.16503379365341
50.73501560635499,37.213673962906284,2.357419129711584,9.69389130102714,128.22702748118965
51.37933731718767,25.50852124557607,6.302047802886958,16.810093634349297,120.79816751135206
41.03221891385166,33.43222013220529,5.347076953553338,20.18848400038972,120.83421870334702
40.66355841603521,32.063942454507995,5.45116861293782,21.821330516518987,121.15546289727054
53.793723436581885,25.14371219726647,1.7676385578019242,19.29492580834972,122.40962182124848
51.93535734342668,28.11446898289495,4.009370414025308,15.940803259653055,121.2680565179941
45.168050288673165,31.916044796733356,9.780773086506237,13.135131828087248,119.68515233966762
44.2734530276844,36.34318175197963,11.853603941918385,7.529761278417603,118.66872007673446
53.85810839975397,25.365839114854616,2.041650513119808,18.734401972271602,124.02875068037272
51.94364599626671,35.9944435103361,3.530936722923255,8.530973770473933,126.88198796242067
46.96609352447965,32.31625510149717,8.866361703494176,11.851289670529,122.78685902512487
39.7688137256075,38.17806567783508,8.626949307072538,13.426171289484886,120.68348322212385
46.65001975392794,31.16523397633031,1.7124161048223039,20.472330164919434,126.49612889036602
45.39814013948257,43.45959378987476,5.1619128847669415,5.9803531858757255,127.75428487523926
53.490785256204,20.42417461112756,3.625061759797403,22.459978372871024,118.92919923091158
52.56292253792515,31.103809131760734,3.9070698317195918,12.42619849859453,124.91056122530746
43.959804958787785,30.705806662970797,7.117783902593218,18.216604475648193,119.8497004359932
35.07843786791442,34.264480725576306,5.499213433716737,25.157867972792523,119.05389113316933
47.463851595913894,26.165131335808205,2.678339603774853,23.692677464503046,119.3238914336891
36.28418513267373,37.95338154426527,1.846235762550847,23.916197560510156,125.6131607641207
51.54261530238845,21.77711281600668,1.7757821407713288,24.904489740833537,117.23544150102359
44.117589340908424,31.59309119932296,8.01003242755733,16.279287032211283,116.99911646255566
47.39174523851749,24.873694115743756,9.176197259452273,18.558363386286484,118.12479699630805
42.37770748714097,37.94946806774344,1.4011304969843208,18.271693948131272,126.28972017318247
42.76104512950433,30.19449969887068,2.7766947061594003,24.267760465465578,123.02213508012291
52.41499764889588,24.48437005851698,3.1800700159448523,19.92056227664229,123.8826203754759
36.17277393304436,38.692081630140606,1.0932183720802215,24.041926064734817,126.3728495420519
36.409484820337426,35.12461350620121,10.990155555210503,17.475746118250857,118.27529518560536
46.36043189292936,32.16550358446596,4.828262138158859,16.645802384445815,124.20252216136491
35.105011989356264,28.67561580975711,10.693450414606012,25.52592178628062,115.30942406546292
49.438588449119905,36.683129949159,3.9583185953402342,9.91996300638087,121.60650005857973
45.87730274430847,20.814097138081173,9.433882133971785,23.874717983638565,112.8706697941577
47.733160249890304,28.78513999722469,3.5470854659614144,19.934614286923587,120.01412142631685
46.66825053100794,29.67307365939214,7.772801896331282,15.885873913268625,120.4903441411119
44.61748718218796,26.14678918455009,8.659922103800765,20.57580152946118,119.15981900787476
58.68425629383497,22.647870850757197,6.247736509707121,12.420136345700714,118.37379347411192
49.720774143296474,30.996805080780355,7.18917776795607,12.093243007967116,117.9401953906871
30.979911915612114,36.45732358528434,8.129442850042528,24.43332164906103,118.34822841983153
48.768265241959746,25.327826131115632,6.448976234278349,19.454932392646278,117.64804943042428
46.88780868317116,24.332850614070445,10.329182824161128,18.450157878597267,116.59217721386777
41.40575796620871,37.55799142512147,7.372698058845921,13.663552549823892,123.3011564944541
41.927686500032685,32.585162360119,5.222867190829604,20.26428394901871,120.04742509245517
46.68067351776036,31.301550673088613,8.913458133655991,13.10431767549504,120.92958705907307
61.66760769112264,29.26333984109113,2.6867860330081426,6.382266434778083,128.0903829540299
44.7235771560957,35.099196087523865,5.000455472640246,15.176771283740207,122.95522652250781
44.052572994396535,34.599317499911855,4.431363696335207,16.9167458093564,124.88643964262603
46.28265507202364,32.29909394417253,1.9248874474170146,19.493363536386816,120.84438063933047
43.60691897476513,39.44943423243315,5.412814486338261,11.530832306463466,125.08731682157341
58.99217147942398,29.859534197857357,2.0258397964416615,9.122454526276996,126.24589400914218
41.26672588843194,31.323698374576498,10.557597290771021,16.85197844622052,115.70087641785732
60.99251324422088,28.585810901374526,3.3291446553766137,7.092531199027991,123.4334060695606
48.116093648853095,29.670714503554198,2.842139381398062,19.371052466194655,121.16754668818417
41.21209203778019,31.071786200911415,6.298257236201284,21.4178645251071,118.59990615030583
52.67198292281198,36.00103636819545,1.4522272546323316,9.87475345436024,128.09153823734917
53.65012310661902,34.6193781245942,2.6343742036884157,9.096124565098364,125.90898576710457
48.04882563429499,27.09696640819895,5.109765559912819,19.744442397593243,115.48854666553962
35.96534153566974,28.966947877375077,8.580830807571568,26.486879779383614,122.68580537818903
42.68951115000138,37.20549636931255,7.446119339241972,12.658873141444094,124.91212863398052
48.6640648174851,35.204308704636865,1.508898584686248,14.622727893191792,125.13648239651866
34.87349251976261,39.25196081669959,6.584114730975934,19.290431932561862,120.48711406648796
53.05524258687866,29.622733569269265,1.7616989974322594,15.560324846419807,127.41164405809032
52.81770726779745,27.73294647731655,4.370527948056879,15.07881830682912,122.88551801075296
44.99981842501285,28.63033317473657,3.8320762376491215,22.537772162601442,118.21874938214309
48.9406277502427,34.139618531110024,4.758245912209288,12.161507806437992,125.1289257416591
41.01293962503683,29.612335135869156,2.9499102498820875,26.424814989211924,121.33585259890235
43.654301088908504,40.905439452077765,2.0720674524930573,13.36819200652068,126.27843923950269
51.41953702018199,32.47015410864914,7.269987203426806,8.840321667742058,123.15882651155364
54.72856742318542,29.439363964425624,5.809831120849573,10.022237491539384,120.22438630474304
56.32487360884571,25.189924130813363,4.151954084265125,14.333248176075811,118.1136794608504
38.944022079557975,37.5086416850279,4.189191061102769,19.35814517431136,124.12578051508666
45.51696499688636,38.93461519478388,7.614407861591076,7.9340119467386865,122.28122914924666
32.95613298313939,41.11525151574398,4.030185719890779,21.898429781225847,123.96162983410576
39.19768035794217,35.02251473439014,8.16675268867446,17.61305221899324,115.50745282532425
36.18443635921522,34.50740953487122,7.578795247950841,21.729358857962726,118.3495243795672
39.030873873175196,40.0589622890014,10.929764192686978,9.980399645136421,121.45097697846936
44.04774985392835,34.351560765858494,2.1056288007393933,19.49506057947377,124.41059860248714
43.38431558341215,28.008915251024103,2.982714821878184,25.624054343685565,121.4712415628604
39.1319687362696,36.04008679183679,4.350464557025437,20.47747991486818,127.38696000624793
49.679811648233525,31.688639008775787,5.942283139915829,12.689266203074876,122.2517487084642
38.79602036547224,39.871868507091115,4.6755208693244015,16.656590258112246,128.24270042959594
49.50690529632289,28.118602305602998,1.7762694907890386,20.598222907285063,119.93774802603296
37.0260012932638,38.87018771133997,7.128977034431823,16.9748339609644,124.85041598007751
53.50571692524985,33.687294599324915,2.2272466185007516,10.5797418569245,127.86911434670047
33.4111740875345,33.8333891268537,8.472010624714246,24.283426160897566,116.80355535428747
40.017413822531964,36.203461430026906,1.9835398227597212,21.795584924681418,124.37533971527726
54.230401917915295,23.13123205192305,3.080961961219676,19.55740406894198,118.60559180124817
47.9902726510793,30.526143171738028,6.7385244589285795,14.745059718254092,119.27043304252057
38.16345306850224,41.092983618920734,6.729353487445443,14.014209825131573,121.6522609240707
43.03789207029001,38.21552098338395,2.3355398006445682,16.41104714568147,131.2055189845969
32.6047360702079,39.969548097943644,10.022751833555347,17.4029639982931,120.75051252683065
48.58427003758836,36.70102210297869,7.030130971683237,7.684576887749725,127.61333546894714
38.708502096088665,31.464882021887092,8.524967485610652,21.30164839641358,121.05000103110484
44.67260844651138,22.85171297379085,10.123597978302266,22.352080601395503,114.39766921379373
53.68970409857352,31.46827570582466,1.678966191875776,13.163054003726065,127.65308199444347
59.34140634339137,22.045155564940686,4.39034012610445,14.223097965563507,121.90299614340978
45.376680842417514,30.26476394026833,8.580382534156138,15.778172683158036,119.20612455250078
47.972054259353015,37.93142406493193,2.9611419085768658,11.135379767138183,121.3896644533073
52.913916077529045,25.098484914524473,5.734225489957497,16.253373517988962,119.58290064575792
33.58795094938918,36.768412060303106,2.8758990267558406,26.767737963551873,122.83847942286623
34.301124434677824,42.07248238823429,5.8148328249047205,17.81156035218316,122.19451456862653
34.47307187135074,37.689590419196726,3.111238646110639,24.726099063341884,122.72534238244167
42.63556069345015,40.36622751411778,8.341019393899431,8.657192398532636,122.61189637692848
52.289904080218776,28.533240131096115,5.614720815411661,13.562134973273446,123.84793877734006
38.09566502862397,25.98382359909354,9.624789686391953,26.295721685890538,110.6893905286201
47.58254869286726,29.35258627670429,7.848943217639663,15.215921812788787,121.35479373263674
40.13669344365017,31.83468888215002,4.011565903762207,24.01705177043761,124.08085377753603
44.05201454884659,31.798702027867165,11.807051656728717,12.342231766557523,115.18126731188177
37.71193473566248,28.428029507177172,8.575709057383902,25.284326699776443,118.03697312663552
55.48210141827133,28.236563191482794,7.086270793292439,9.195064596953442,122.14914191935698
50.229965464228485,35.88348304215072,4.74527036476237,9.141281128858418,124.52147951643566
37.4068677029227,33.415072591995205,5.058378253972349,24.119681451109738,120.10843684316066
46.04812026645643,33.6303318145669,7.693622999769822,12.627924919206846,123.50663461238662
50.43749844505907,29.17926128254863,6.178259608722418,14.204980663669902,121.3922094994579
53.294412776674704,22.968724039743677,8.880571675939024,14.856291507642602,116.62147534590257
55.12227527292243,34.91136866410257,4.681333036270532,5.28502302670448,126.28694310265759
49.94587136815434,25.6411118188111,2.2975148969795174,22.115501916055045,118.01088445953546
57.777294360346346,29.614376770586514,2.470093638217605,10.138235230849538,125.27228158462732
39.0963049871938,31.794863207457457,7.019828555609966,22.089003249738763,117.54804991257146
44.32933218837323,24.76568286645987,2.7337539992199655,28.171230945946945,120.12051494000036
44.79776323663011,31.06909631114176,2.4055548399500624,21.72758561227808,125.0161498668179
52.01059925481866,33.802912425252444,6.928853337493621,7.257634982435289,124.18158210203202
40.332175230094045,39.80956245749912,3.983238023862949,15.875024288543912,124.12978583414365
45.921936382762,32.205798510023456,8.87466508191824,12.997600025296299,118.0636897047493
47.290843538734634,36.70369244057095,7.194659274920966,8.810804745773462,128.7579834927546
45.118496897697696,36.819490434763104,9.269601201418196,8.792411466120996,126.99185295260776
47.703984717364065,42.21095772405706,2.335166214268175,7.749891344310692,129.05305627749115
50.50837400920869,29.13834284799519,7.010020251415552,13.343262891380567,121.88033794590096
49.92353087816849,31.345442922400224,3.1899527016405402,15.54107349779075,122.61852246406096
51.2588222072238,27.408417627526976,11.620172498776384,9.712587666472835,116.83500289774233
37.467443828087596,32.49766937732851,9.333155164549872,20.70173163003402,119.38377455065321
46.48621125635658,28.45574093620758,6.2018021234848595,18.85624568395097,119.6637000223669
39.963346244908394,43.36349529318022,10.358945966662771,6.314212495248622,120.13712744854213
47.09092172138466,35.43739741314537,2.416038465953867,15.055642399516106,123.52514689046076
47.658840371329305,32.54296957997211,7.8411201448156245,11.957069903882957,123.20488648402835
47.25897370549849,31.20999456431972,3.275653961309915,18.25537776887186,123.28364120035558
46.16575114860902,28.038721037831273,2.1175775324628083,23.677950281096898,121.05741365174967
45.89367402184871,39.38471181601955,1.8133198841145355,12.908294278017207,130.67705455061827
40.21753121166605,33.05615826737751,9.122360465465613,17.60395005549082,119.49127864976575
51.56447387545769,28.561461762088285,12.31076389966543,7.563300462788583,117.37173529488727
50.086411729614156,30.97522856933858,8.594041709938104,10.34431799110915,122.47943235475996
51.01422944864138,26.98011892524963,5.118084966895696,16.887566659213306,119.73104932941413
48.5929406805947,39.60263962466537,3.588563453968282,8.215856240771659,130.27353883030605
50.97523238396745,32.293042682618115,4.599427941515595,12.13229699189883,123.51254127841965
40.681088681337165,32.90643394548577,2.9037063093533195,23.50877106382373,123.31564038847138
52.17171611217816,21.21144612172027,4.6322680352389325,21.984569730862642,118.16177804284753
53.01637116498712,25.565665918359983,10.866206610735123,10.55175630591778,118.21602221006955
51.577731373805456,29.197728290379587,5.725424068427432,13.499116267387523,120.20367601039179
45.561998186454055,29.5273023414382,9.975173085657241,14.935526386450507,116.82895304661193
30.62469073182264,38.003861004604325,8.640721391705759,22.730726871867272,122.78344430962295
55.43164155007726,25.142125272718307,9.08869386708214,10.337539310122283,117.06268203862636
40.616920765962114,34.00679295011899,7.009962563613589,18.36632372030532,119.695225709115
45.06857693443184,31.11000030278212,6.966913953148866,16.854508809637153,119.61316404651615
51.92842602057799,32.435774015774236,1.8644241918493942,13.77137577179837,122.72627924086403
55.74212477076864,32.254968363600106,1.8645351089767788,10.138371756654475,124.69532799068386
52.83067415398991,22.516925704748594,9.060979413979274,15.591420727282227,121.44187488653196
52.07749928108157,25.6448604317974,6.75665093359962,15.520989353521397,118.1222019661146
37.2913785576914,36.86142534748292,8.02206303069565,17.825133064130014,122.7167149292571
45.81619088911522,30.232280603942492,5.908748209676993,18.042780297265303,121.7486776162027
40.0406773814404,43.33448841266692,10.191091700329068,6.4337425055636,123.22648850179039
40.568826109429665,35.3187448664004,2.4783158993959957,21.634113124773958,124.5795754883152
56.715621798446946,31.110155900860914,1.0911724458887362,11.083049854803397,126.62569697862642
50.64795367285757,26.067714377998648,6.938043090500698,16.346288858643078,119.09349516558272
53.820784300527635,22.31600802686821,7.911789281185568,15.951418391418573,116.9844962400544
43.23437507364185,34.108745822788244,1.6971039381710327,20.959775165398877,125.24102861476054
53.37726653038938,22.51267075798146,3.9094032784055472,20.200659433223613,119.85208606631903
41.781513556140524,33.54640327235482,1.4608019100381777,23.211281261466464,122.85278157150425
51.96545622193685,34.5626916231972,6.79962336597071,6.672228788895242,126.72571109487221
46.83537684612494,26.820168374136095,3.2114397226215736,23.133015057117408,120.7187952005741
44.95119439178696,30.497095129057556,2.5977756114446717,21.953934867710807,120.63765544175793
38.91720708895443,40.281771757791105,8.25842693104366,12.542594222210814,124.38598403265894
53.05565823544652,20.86943624941625,4.433864234680438,21.64104128045678,122.0788052230845
46.35234140893248,28.1735808204014,10.895849634385488,14.578228136280643,114.6795793787036
63.16282306234454,27.343659366138407,3.243502683336277,6.250014888180772,121.85521383715545
53.87322308609086,28.380298676558937,9.356401466365796,8.390076770984404,122.23848228382468
46.1674966612916,29.262553904669815,6.537634912960096,18.032314521078487,121.22764085655226
41.79038336081754,25.429015251128543,11.436770594144319,21.34383079390959,116.86882700150605
57.89924017418884,31.83124146082334,2.2084658050470813,8.061052559940745,124.81760467810265
42.84276094594719,35.48672074971926,1.8769779779846512,19.793540326348886,128.78760664307993
41.41684446434927,39.111958305623936,4.126755393652115,15.344441836374676,124.45868217099239
46.47117887531071,25.010129947935074,7.023677022547808,21.49501415420639,112.73733588224309
61.649773255222144,24.00660326980031,6.147669559936193,8.195953915041356,120.63744947180173
51.73891546064564,36.28974612583046,6.434062600605895,5.537275812917997,122.31548921629573
47.40103782842505,36.156906888829695,2.133136904665013,14.308918378080246,124.27553884751103
47.97428853690043,34.47050199351603,8.370701252436987,9.184508217146545,121.245487366904
42.21178474754868,26.62468267123374,8.108486281171514,23.05504630004608,117.00886725626404
43.765004719921045,31.94073453403557,6.3394120652367505,17.954848680806627,119.62584741644879
39.74732861243772,35.90251710330371,1.7023524310487184,22.647801853209852,127.51410094677881
42.79474252280923,32.28699247355248,5.635590631957389,19.282674371680894,121.71628957154846
49.86709474653638,32.59073726104691,4.9544970972961755,12.587670895120533,122.65539470506438
54.159555934413376,24.43003377875988,2.4112707835394533,18.9991395032873,122.44849749894276
47.34320054574063,28.507886805394694,5.706799723869441,18.442112924995243,120.37451063386021
46.824402279559045,43.725384949424345,2.1466581788077574,7.303554592208834,130.17964067677585
39.57434243830915,30.682001150360115,9.245207112062836,20.498449299267904,116.74237187100543
48.36282181398671,32.84324218800361,11.844368493598386,6.949567504411299,122.13553788722017
49.99319187008089,28.181285913047738,4.415980763443057,17.409541453428325,123.5970545393368
53.8982295779895,26.87717358987961,3.3002367294178,15.92436010271309,122.16107373388563
54.21450591804362,22.88109546443034,6.243216219364286,16.66118239816175,117.28639378118628
50.45385858699274,37.42341976142092,2.565242508096817,9.557479143489527,128.05494316012573
55.63861481842219,22.220447499280567,8.17474968748427,13.966187994812968,118.42029721002301
45.76279245569679,31.975838984521577,4.467764184029501,17.793604375752135,121.71859080881023
42.2512034728749,33.676357622041046,11.771159110553736,12.301279794530322,115.63636108782144
53.404006345856416,22.70241493133551,9.76492514476259,14.12865357804548,118.49470722273851
48.48857224480349,28.074541253786258,3.3054324205510617,20.131454080859196,123.74425926241747
45.866307246713916,26.684563038791747,7.003153786668349,20.44597592782597,117.32613753041502
44.08272090087074,29.403018395862603,1.6746587250740907,24.839601978192583,121.86998804062623
46.07656482461863,30.076423756739857,5.2203531373606085,18.626658281280907,125.27480892799898
53.21209204684939,32.71164209881638,5.042055867927614,9.034209986406617,125.42826502529546
37.85405293485299,27.2456644805739,6.154915386783038,28.745367197790056,117.60458536680231
49.99934609982173,38.17214618050734,1.7400896381059694,10.088418081564951,129.87454387675942
44.67370224488688,31.028358984400032,5.527242103096198,18.770696667616892,121.82555163111564
44.02804776299777,26.52725338579539,4.856632958381329,24.588065892825504,120.38080428059358
57.99328570344683,21.469282301999858,6.921644848298836,13.61578714625449,116.07348025636267
51.61412280607357,21.68198688699482,6.661834781640801,20.042055525290813,117.4675549460148
43.81781371817465,31.566356713896056,8.60463930123917,16.011190266690125,120.1138795247719
32.44748283310993,40.53779212348482,7.563764425105175,19.450960618300066,123.49759441735965
44.03677959198059,34.77860178748165,2.0633978283063468,19.12122079223142,122.67260828969218
57.74236629677637,20.18133039848882,9.428789151818846,12.647514152915953,116.62457939840893
45.30305269577447,33.506164165372105,8.583148191688165,12.60763494716525,121.50764521529862
39.15353698140367,32.801078969618764,8.134028599245312,19.911355449732255,118.75570271482295
62.00348044859872,25.472385268502556,6.708449161688043,5.815685121210663,123.86323285358144
43.88869787314824,30.184135601976347,5.042487632955923,20.884678891919496,118.86153009693166
50.10252464747317,37.06447310754942,4.109848415502277,8.723153829475137,121.78005220676056
47.0159746579229,32.60998449825999,6.426761618953786,13.947279224863335,123.81566118332549
51.66252133152172,33.537042378265284,1.3952534989462593,13.405182791266737,125.61421058905198
45.36340542235225,30.650420882449165,6.816201780430291,17.169971914768293,123.0767160944579
52.4406679117367,33.13117499964123,9.255733319787971,5.1724237688340935,122.62809933039989
41.80433821668511,23.482898277355616,7.956036685437903,26.756726820521365,115.53709697865582
38.937585985039874,47.360549370933036,5.0980735312095895,8.603791112817515,128.28376150794972
52.80199652743516,29.77390727217694,4.221510979114098,13.202585221273806,123.274234656414
43.98209396967694,36.00774597028183,8.324065877943303,11.68609418209793,124.58985682499952
49.25435752989399,26.061011341077915,3.055097528263927,21.629533600764162,121.25906967185134
57.19317364697859,24.69439846314805,6.811023943038876,11.301403946834492,117.03116860531
52.1975506747012,26.2999945132183,7.316201955908992,14.186252856171505,119.45023522329981
48.130838788950825,26.33554996059772,6.883679596965181,18.64993165348628,117.8049238976594
45.595504252746245,30.000111781475137,8.042837485006379,16.36154648077224,116.80572777950042
52.99699375489191,25.296234894782323,8.337646442965681,13.369124907360074,116.85911793699832
54.03171058606328,23.66491782907675,7.144321718828232,15.159049866031735,115.97701116239506
52.512076501754436,37.54613441839943,2.9736413795736176,6.968147700272513,128.1109391022605
35.73059948106412,38.20920576291791,7.520789312648013,18.539405443369965,120.6232656200673
50.146814431993256,31.382545797982146,10.368200060732745,8.10243970929185,116.76010978979193
49.30303447411066,27.2296056684035,4.705732367406077,18.761627490079764,121.78993646695079
45.25363809200401,25.55808162226725,2.0965635662956155,27.09171671943313,123.82862353601413
46.218331952575966,34.211876263933235,3.929393162432814,15.64039862105799,124.06013556154058
36.83999141896627,41.41647170585965,3.5696330031649133,18.173903872009166,124.39450787270684
52.85911258442724,30.943348178234935,5.432469931542862,10.765069305794963,125.23935263202378
50.40201521253931,28.002069717029727,5.071907137840913,16.52400793259004,118.61901158093576
46.089082498658634,22.23168656504232,6.354757293184149,25.324473643114903,117.59831739123513
43.60579463919979,37.17717708189182,2.2634243144023953,16.95360396450601,124.11034569398569
48.99574784158697,25.064211858415565,6.495150857558478,19.444889442439003,116.24953945364493
47.43451002431803,30.583723489089138,4.649941089502713,17.33182539709012,121.35598219631693
45.62509780700889,32.469122276933795,1.801976066537284,20.10380384952003,124.54547686951088
53.44815022914206,34.16678032559694,1.3251287446957334,11.059940700565264,126.67300328904835
41.81382159681657,30.017119320496487,1.9738521853476898,26.19520689733925,118.51460192219635
45.27205751999473,31.266382008180177,6.919283346045348,16.54227712577974,121.55201515428692
48.19406190595253,25.058196127701365,8.310603768728479,18.43713819761762,117.34520690089923
38.030485488072514,34.486971924501326,8.091612034342818,19.390930553083344,119.79683653287718
56.77687225362186,27.588209045710286,1.8272681185235795,13.807650582144271,125.12613778960618
37.35238518795395,36.54694707925822,6.260777057179144,19.83989067560868,120.19054837933034
35.66554408772374,39.09245788508721,9.76759527981443,15.474402747374628,123.59919569023432
45.295316511551626,38.6204564233859,5.8962261967771195,10.18800086828534,125.94717640864073
57.519759355693544,29.952208483017866,1.7277325354422244,10.800299625846366,125.55671644117652
55.347310135403625,26.887784631794702,3.5722283243845765,14.192676908417088,123.4294028570608
53.061831738265205,27.170599538956974,8.315148285485398,11.452420437292425,122.27007881052769
44.30262708055683,27.21039487083654,10.289440388157228,18.1975376604494,118.72958232202993
34.48173996794073,43.33699685664309,1.6510710567957492,20.530192118620423,126.34739846075037
49.5124657801328,20.721698736194398,5.447021513370657,24.31881397030215,116.39019024312509
50.4078078909358,29.92319205842562,3.4794023220151558,16.189597728623422,117.84767394438697
39.630520700030516,44.082675188320245,5.8976882538159625,10.389115857833291,128.29746860435517
42.11276047977685,29.026991001684227,8.67018765416363,20.190060864375305,116.58091420284588
42.84910941428154,35.31023226310217,10.990689830693237,10.849968491923043,114.44843953170162
56.65597906183121,29.89556763656066,1.364250061806049,12.084203239802099,125.42980989521695
36.49335078579247,33.9361304669426,5.578776714082146,23.991742033182792,122.07805236138269
43.0332287809566,38.8822130814906,3.070410707884327,15.014147429668476,125.85961375235918
43.44840586026737,29.356923798701747,5.40519835447382,21.78947198655706,123.54844101900474
49.24760153776805,33.92925770423015,7.012116381462369,9.811024376539427,121.39564825131752
38.082397251984254,37.2500434487273,1.3616509843713334,23.30590831491713,129.07653001123157
41.19743272481776,30.76726546953647,6.5155670501660685,21.519734755479693,122.31726162842975
37.8836864460319,35.95230135235385,2.7839220641252047,23.380090137489056,127.00555712036189
52.120356244442554,38.60723932947852,1.5797596257597621,7.692644800319153,128.0491920355477
39.31767984131058,24.76453182669904,11.755178497823698,24.16260983416668,113.56205539464723
44.53015446030782,28.442573855970586,4.549073508506331,22.478198175215258,118.30405174957919
41.72317949381196,26.02174401141503,8.223894510941436,24.03118198383158,117.49447670295962
44.930417651253116,24.173807627913334,2.05943650105347,28.83633821978008,121.82942081518684
56.24422950409721,31.894246391889595,3.2901729483631557,8.57135115565004,123.70827515060743
45.55995368386238,33.375266721998415,6.389756440023726,14.675023154115467,120.67873377299718
50.492268992325776,27.23361891453623,5.305851272077939,16.96826082106006,122.38743274864898
53.602192520362216,32.67187910212474,2.1231194124623136,11.60280896505072,123.69288801961535
45.57844648888316,34.0489211291552,10.014180258171114,10.358452123790537,116.19892852869955
39.81991963491569,28.34484776629266,10.63085109033321,21.204381508458443,117.47884413264904
49.819627732309954,32.948010385056335,8.270697192712875,8.961664689920845,120.30935754622456
47.86049491299178,26.55288630034704,7.7974718686130124,17.789146918048175,119.49582154893889
35.38188344546439,30.952169553400115,9.878505947265834,23.787441053869646,118.97230561240409
41.017797892740404,30.533832831182867,2.864553706713363,25.583815569363384,120.69451040661197
42.84904909260859,34.9181451728662,7.204062188316489,15.028743546208728,122.8791731294751
48.755745326626524,30.828161299732958,3.7585180279747563,16.657575345665762,124.416802140616
48.61091209352725,34.87957651511992,2.4168875423479395,14.092623849004884,126.47415492062223
34.5709343283793,28.466926236023195,8.606390982457075,28.355748453140432,115.56576887964115
52.05524608625885,23.212555633302212,5.779605438263922,18.952592842175026,116.84852286252591
49.92007979027932,24.466511351851793,4.323213718328344,21.290195139540554,119.3553090696389
58.506513149694285,22.931203947514398,8.540250440843147,10.022032461948168,118.07213072864856
59.928082280577456,27.911130244880017,4.021972752225287,8.138814722317246,124.97276064287587
53.599997916035825,24.492019064244616,4.50842581467645,17.39955720504311,119.51528732234007
53.27086569138535,29.994359244426594,4.258714535864705,12.476060528323348,120.04481140983137
55.72098452903693,22.62943749099488,6.51540874136731,15.134169238600863,121.0748386133388
52.968911407252364,22.896043777830787,6.686837148418339,17.44820766649852,122.15270903458766
45.17840070337692,32.427905710573945,3.0796695594800987,19.31402402656903,125.81856372146059
56.39567654690351,27.02762109800494,1.9158690329206882,14.660833322170841,125.03619933354419
55.366693259916055,31.31144194437286,5.119752149458067,8.202112646253019,125.56781875163583
49.97225359913214,35.96926687925939,2.2541989638056696,11.804280557802791,129.653464267657
50.454512762149626,32.53831501307757,5.708672413167129,11.29849981160567,124.196479980178
49.055163389159176,35.69109061582391,2.06375698624419,13.189989008772733,125.67391024185517
50.26423152730736,33.84838502347901,2.8356257664648283,13.051757682748816,127.45316059673044
47.99770733090724,24.605806233129748,1.4599114710046994,25.936574964958307,121.30827019396591
41.14137157910675,40.98489963948394,3.520163487448912,14.353565293960383,123.07174731196827
48.122225074428634,31.553909646219797,2.291178060971657,18.032687218379927,121.68685932999203
43.54117687839014,27.673279217140745,9.669313146976668,19.11623075749245,110.99876266949909
45.97261954259993,36.89087699318988,8.414381958749217,8.722121505460974,120.59456235148882
51.678710295046415,32.595075787663205,9.451776931535214,6.274436985755165,121.56579759355868
44.88535367541987,36.29671461913606,4.749237676537564,14.068694028906517,123.82292765492642
38.57185604582812,35.56915031635084,5.102338983897319,20.756654653923718,123.17227399063502
46.14105647795853,42.95118379405294,1.880410137916539,9.027349590072012,124.72707658932237
41.291901214911874,38.81600643578578,1.2222093197911241,18.66988302951122,128.7011486617227
55.787888942790985,29.553745572578233,8.932795282381694,5.725570202249088,117.44968169164521
45.97425742642988,35.08495460429135,2.92959762371096,16.01119034556782,123.92146485851248
37.10619596375266,32.31982079253064,5.342890223019062,25.23109302069765,117.1451518233934
48.09392849293113,33.13179076696182,4.35693583155337,14.417344908553675,125.89999829204945
55.65827688125162,31.303078725368533,5.724897246986239,7.313747146393604,124.205889391404
40.69214573245658,43.39392089868625,7.48521361905547,8.428719749801692,126.73047263892744
43.81523335670081,29.738867478994596,2.4957424576716023,23.950156706632995,123.00815454454984
46.24026348257683,29.7616124307186,7.229521712573613,16.76860237413097,121.5990155665029
37.68677662757366,35.77319188270277,9.765334101412941,16.774697388310635,118.27282244776929
41.23147583688511,31.393738655516508,9.216895677317526,18.157889830280855,116.81464307544427
34.41506943065732,35.757687724118696,8.48916020432189,21.338082640902087,119.08473908776661
58.07542310081576,34.56285829441904,1.2136966426552602,6.148021962109952,125.04191416438618
42.67734844200521,37.105772064030305,5.683113098364521,14.533766395599972,124.27599367812884
47.72338257823096,24.103396397975857,6.9673474158664845,21.2058736079267,115.91238416492385
39.675489109192334,33.47207853809895,3.937821947390726,22.91461040531798,126.0550394748886
50.52533654324546,26.15322411565054,8.651552079767908,14.669887261336095,120.15084425004292
39.41695978480833,38.48577740783285,9.235493193100574,12.861769614258256,120.91543408080467
40.21716994209391,42.880880675201766,7.798105947477755,9.103843435226565,123.99771383104901
43.246389680587136,32.33338982600944,1.7526635987640382,22.6675568946394,123.81281360320924
51.056883885138674,24.532044907267714,8.527960470942233,15.883110736651377,120.18506405892711
51.70480766858534,24.5861760701327,9.4229741338205,14.28604212746146,119.35503719162062
46.58217423843746,34.1416405311489,1.548499689126695,17.72768554128695,130.63728258382315
36.73417464869448,38.32345954194656,8.632858368331894,16.309507441027066,119.31576454915377
45.10150493843273,37.230541167425756,5.24579755380293,12.422156340338573,126.76785016137576
47.74682580077235,38.9472053710309,4.278572933347443,9.027395894849302,128.13706413867058
45.826045561548284,34.41552657159997,3.1612037399401602,16.597224126911573,125.56971729054831
42.339439226100836,34.03513011116986,6.67568185969243,16.949748803036886,123.47666558128556
45.06088155595287,40.40915790147176,6.847426351192317,7.6825341913830485,124.24505882577498
55.65172540588017,29.330355156297514,7.9428609601557465,7.075058477666585,121.59638182632361
38.782704467207566,38.70415574566604,3.701236213204036,18.81190357392235,124.37006709094395
54.02363714893615,32.157358695778576,3.9836989551941295,9.835305200091142,125.52100310387787
47.63227159191658,29.970598396995946,6.869587960681263,15.52754205040621,120.74916430435172
38.11431694020512,38.452322940453676,7.093486973283479,16.339873146057723,122.32766518153262
43.97350935844971,37.42981292085632,5.941826745023532,12.65485097567044,121.9954536757627
64.34767657150144,24.103695407792607,5.211414265794327,6.337213754911625,122.45849511985803
37.49621593457532,36.29101494925433,3.5444257136662918,22.668343402504064,123.8990945929006
46.10219284321054,31.62750575115138,1.018141994645698,21.252159410992387,122.55242884334118
56.80252868310273,26.52740677167653,9.16467367397544,7.5053908712452895,121.2973691504236
54.58710329625684,32.90992510969219,1.9959260589828172,10.507045535068135,126.13598836693232
45.56323766968592,37.31052852136955,4.289447986064568,12.836785822879962,124.58788343731466
50.07737566831712,20.073599258164162,8.738922011442419,21.110103062076302,116.7095367398272
61.72121195280009,25.774601864366105,1.8599539209057314,10.644232261928082,127.53679771536348
50.9414465636664,19.58031058663269,5.909329962677039,23.568912887023867,116.57295095466978
38.80665921266519,44.54478777775467,7.772229976934884,8.876323032645262,127.69414435046582
